145
285
15
423
217
144
386
223
106
123
321
391
360
186
173
98
444
50
374
165
435
68
147
241
381
106
301
321
115
186
148
134
428
284
26
390
486
421
268
219
58
208
241
470
321
357
432
16
52
392
437
93
306
183
465
484
115
169
39
422
195
187
279
470
198
439
77
289
471
498
496
164
7
96
94
12
262
460
21
460
192
482
239
399
343
87
247
370
321
175
420
154
425
406
214
211
162
329
403
121
337
265
80
409
494
408
455
299
243
55
170
495
263
464
344
112
363
297
267
355
462
80
147
218
268
467
486
391
461
265
292
241
68
315
83
158
53
319
162
282
498
62
254
420
308
357
449
13
338
243
22
236
399
300
25
17
347
326
260
380
132
272
42
116
284
121
284
250
231
236
123
84
22
453
4
10
360
433
104
346
251
388
335
344
98
399
209
201
363
315
7
317
422
278
366
100
404
397
234
344
444
34
209
122
161
336
26
379
423
261
182
443
234
67
300
268
239
405
164
260
424
105
146
483
320
232
391
241
171
322
50
160
145
71
134
480
278
49
216
463
385
349
142
369
256
108
468
357
262
426
391
120
158
455
238
308
170
399
440
387
426
328
162
386
181
371
330
243
326
458
221
461
126
292
443
255
337
177
232
193
272
58
356
200
377
204
89
165
476
240
30
481
340
21
145
489
73
106
396
185
35
186
370
277
127
478
407
197
366
338
467
2
397
76
426
242
307
122
202
94
96
257
148
411
106
266
363
137
188
344
323
226
362
467
298
356
304
425
12
10
195
476
457
413
476
414
95
263
480
198
479
313
469
40
399
37
322
87
376
261
11
78
463
421
483
393
281
100
407
262
421
157
76
467
373
53
433
140
195
308
205
330
216
127
204
416
113
383
295
391
75
197
201
124
398
436
440
426
356
174
78
15
110
410
226
466
499
117
272
269
72
472
180
78
86
146
237
331
240
271
381
433
410
69
182
33
34
205
318
121
91
436
203
440
258
61
497
184
361
27
280
268
57
204
450
71
336
351
474
151
480
360
87
87
388
69
387
499
63
292
443
50
301
168
146
184
31
380
326
21
119
264
481
364
204
382
435
63
461
83
38
483
342
78
304
108
32
303
474
43
399
145
262
321
483
7
108
380
393
68
